0.000000000000000000e+00 1.000000000000000000e+00
4.000000000000000083e-03 9.066239356953138540e-01
8.000000000000000167e-03 7.525782398803413376e-01
1.200000000000000025e-02 5.738325006269777706e-01
1.600000000000000033e-02 4.048549012063180630e-01
2.000000000000000042e-02 2.901917966388223857e-01
2.400000000000000050e-02 2.149947209609383292e-01
2.800000000000000058e-02 1.618510793557281779e-01
3.200000000000000067e-02 1.287173107930631166e-01
3.599999999999999728e-02 1.070096294344515947e-01
4.000000000000000083e-02 8.910456147931246351e-02
4.399999999999999745e-02 6.578321771258609230e-02
4.800000000000000100e-02 4.502331328979960329e-02
5.199999999999999761e-02 3.614822320830872460e-02
5.600000000000000117e-02 3.494620816926596180e-02
5.999999999999999778e-02 3.944966006142006792e-02
6.400000000000000133e-02 4.794630955569396252e-02
6.800000000000000488e-02 5.637612113198506303e-02
7.199999999999999456e-02 6.461437120893971653e-02
7.599999999999999811e-02 7.494751702172104679e-02
8.000000000000000167e-02 7.980004719821956471e-02
8.400000000000000522e-02 6.955852571710040289e-02
8.799999999999999489e-02 5.431665096958310929e-02
9.199999999999999845e-02 4.531430640582689851e-02
9.600000000000000200e-02 3.696266739155372461e-02
1.000000000000000056e-01 2.474351364651205046e-02
1.039999999999999952e-01 1.349044766761799824e-02
1.079999999999999988e-01 6.739278826266490580e-03
1.120000000000000023e-01 3.156534631456067025e-03
1.160000000000000059e-01 1.875371292068775874e-03
1.199999999999999956e-01 3.559903606860765745e-03
1.239999999999999991e-01 8.517559046221041819e-03
1.280000000000000027e-01 1.553716399440741025e-02
1.320000000000000062e-01 2.303344852828360240e-02
1.360000000000000098e-01 3.140603220081585045e-02
1.400000000000000133e-01 4.067770514357986478e-02
1.439999999999999891e-01 4.883582135517270523e-02
1.479999999999999927e-01 5.569041346295680595e-02
1.519999999999999962e-01 5.642655348061412918e-02
1.559999999999999998e-01 4.555853067773647791e-02
1.600000000000000033e-01 2.935162072377020537e-02
1.640000000000000069e-01 1.238563999743882461e-02
1.680000000000000104e-01 4.355754332425498164e-05
1.719999999999999862e-01 0.000000000000000000e+00
1.759999999999999898e-01 6.623891130454535002e-03
1.799999999999999933e-01 1.451541655345064963e-02
1.839999999999999969e-01 2.203397408080971093e-02
1.880000000000000004e-01 2.528924712723171209e-02
1.920000000000000040e-01 2.633685645949366064e-02
1.960000000000000075e-01 2.794200091863372620e-02
2.000000000000000111e-01 2.895117878460528107e-02
2.039999999999999869e-01 2.915067543359906727e-02
2.079999999999999905e-01 2.893006064143732389e-02
2.119999999999999940e-01 2.771014820629533540e-02
2.159999999999999976e-01 2.745456887138417179e-02
2.200000000000000011e-01 3.024305223393505826e-02
2.240000000000000047e-01 3.386682743536247042e-02
2.280000000000000082e-01 3.734759918778734339e-02
2.320000000000000118e-01 3.762089798914155375e-02
2.359999999999999876e-01 3.078688921122366140e-02
2.399999999999999911e-01 2.101854873084387648e-02
2.439999999999999947e-01 1.124375416250350361e-02
2.479999999999999982e-01 5.147785372530916045e-03
2.520000000000000018e-01 8.309746897367568941e-03
2.560000000000000053e-01 1.575087279658145614e-02
2.600000000000000089e-01 2.190116182799502903e-02
2.640000000000000124e-01 2.689580210688645792e-02
2.680000000000000160e-01 3.129209365782504443e-02
2.720000000000000195e-01 3.167434587836389509e-02
2.760000000000000231e-01 2.264815744182850643e-02
2.800000000000000266e-01 1.365973395506785149e-02
2.839999999999999747e-01 1.571224141915299535e-02
2.879999999999999782e-01 2.148326332564760160e-02
2.919999999999999818e-01 2.468868998238514870e-02
2.959999999999999853e-01 2.700025130404141299e-02
2.999999999999999889e-01 2.802126291473175726e-02
3.039999999999999925e-01 2.794542496553027722e-02
3.079999999999999960e-01 2.794149995325135097e-02
3.119999999999999996e-01 2.750298974670844707e-02
3.160000000000000031e-01 2.597172434002538791e-02
3.200000000000000067e-01 2.431236535923077952e-02
3.240000000000000102e-01 2.425577156651821317e-02
3.280000000000000138e-01 2.429911311535436907e-02
3.320000000000000173e-01 2.056917399360130502e-02
3.360000000000000209e-01 1.884533112195004023e-02
3.400000000000000244e-01 2.862142286048974596e-02
3.439999999999999725e-01 3.718499159284245625e-02
3.479999999999999760e-01 2.884571907157766971e-02
3.519999999999999796e-01 1.789130433454476019e-02
3.559999999999999831e-01 1.884646163984307621e-02
3.599999999999999867e-01 2.273574034227908783e-02
3.639999999999999902e-01 2.249506169670094369e-02
3.679999999999999938e-01 2.228067322071633147e-02
3.719999999999999973e-01 2.439112378610321444e-02
3.760000000000000009e-01 2.686408008526349270e-02
3.800000000000000044e-01 2.803912751221928831e-02
3.840000000000000080e-01 2.895767821323851424e-02
3.880000000000000115e-01 3.212431744351392643e-02
3.920000000000000151e-01 3.319337268374840388e-02
3.960000000000000187e-01 2.556581995532164128e-02
4.000000000000000222e-01 1.811639944238531072e-02
4.040000000000000258e-01 2.103610626743253678e-02
4.079999999999999738e-01 2.698623158489904875e-02
4.119999999999999774e-01 2.881652379865473276e-02
4.159999999999999809e-01 3.024587901369173507e-02
4.199999999999999845e-01 3.439504548813251961e-02
4.239999999999999880e-01 3.684932096360773318e-02
4.279999999999999916e-01 3.377921925189612817e-02
4.319999999999999951e-01 2.848333244511628767e-02
4.359999999999999987e-01 2.309600988165199861e-02
4.400000000000000022e-01 1.941382204110198018e-02
4.440000000000000058e-01 2.072769340784028080e-02
4.480000000000000093e-01 2.436238394366439797e-02
4.520000000000000129e-01 2.653502991853677953e-02
4.560000000000000164e-01 2.910005449739816799e-02
4.600000000000000200e-01 3.521682047889482248e-02
4.640000000000000235e-01 3.939587372355846800e-02
4.680000000000000271e-01 3.420645155414847594e-02
4.719999999999999751e-01 2.852366636878152228e-02
4.759999999999999787e-01 3.196984478935955415e-02
4.799999999999999822e-01 3.788332454375555047e-02
4.839999999999999858e-01 4.100886979064986837e-02
4.879999999999999893e-01 4.227447376285797809e-02
4.919999999999999929e-01 4.116080226462794089e-02
4.959999999999999964e-01 3.817744812448500141e-02
5.000000000000000000e-01 3.319851794573121240e-02
5.040000000000000036e-01 2.922105733283231199e-02
5.080000000000000071e-01 3.186119016002728760e-02
5.120000000000000107e-01 3.441927769575046925e-02
5.160000000000000142e-01 2.775378742219887507e-02
5.200000000000000178e-01 2.151351569175227046e-02
5.240000000000000213e-01 2.561136061924250765e-02
5.280000000000000249e-01 3.300006753087564998e-02
5.320000000000000284e-01 3.831519300706326403e-02
5.360000000000000320e-01 4.216547704276730341e-02
5.400000000000000355e-01 4.325367951810348000e-02
5.440000000000000391e-01 4.248104743359977509e-02
5.480000000000000426e-01 4.131022216596781649e-02
5.520000000000000462e-01 3.992403521840522107e-02
5.560000000000000497e-01 3.897541370123806803e-02
5.600000000000000533e-01 3.815086837780269635e-02
5.639999999999999458e-01 3.693521257942042335e-02
5.679999999999999494e-01 3.566644849528030625e-02
5.719999999999999529e-01 3.453346939891734080e-02
5.759999999999999565e-01 3.347004247538930277e-02
5.799999999999999600e-01 3.260001926596168415e-02
5.839999999999999636e-01 3.162971231707818048e-02
5.879999999999999671e-01 3.021399420477881292e-02
5.919999999999999707e-01 2.882459827967748592e-02
5.959999999999999742e-01 2.772541361255486531e-02
5.999999999999999778e-01 2.743809276450057816e-02
