0.0000e+000  1.0000e+000 
4.0000e-003  9.0345e-001 
8.0000e-003  7.0876e-001 
1.2000e-002  5.1531e-001 
1.6000e-002  3.5077e-001 
2.0000e-002  2.2019e-001 
2.4000e-002  1.1721e-001 
2.8000e-002  3.9042e-002 
3.2000e-002  -1.2618e-002
3.6000e-002  -4.2567e-002
4.0000e-002  -4.9317e-002
4.4000e-002  -4.1749e-002
4.8000e-002  -2.6679e-002
5.2000e-002  -1.6630e-002
5.6000e-002  -8.6753e-003
6.0000e-002  2.9117e-003 
6.4000e-002  2.1513e-002 
6.8000e-002  4.7784e-002 
7.2000e-002  7.1540e-002 
7.6000e-002  8.3956e-002 
8.0000e-002  8.1892e-002 
8.4000e-002  6.6769e-002 
8.8000e-002  4.7515e-002 
9.2000e-002  2.6265e-002 
9.6000e-002  3.0434e-003 
1.0000e-001  -1.8197e-002
1.0400e-001  -3.5018e-002
1.0800e-001  -4.4488e-002
1.1200e-001  -4.7209e-002
1.1600e-001  -4.3239e-002
1.2000e-001  -3.3260e-002
1.2400e-001  -1.7517e-002
1.2800e-001  -2.6141e-003
1.3200e-001  1.4968e-002 
1.3600e-001  3.0947e-002 
1.4000e-001  4.4181e-002 
1.4400e-001  5.0498e-002 
1.4800e-001  5.1071e-002 
1.5200e-001  4.3710e-002 
1.5600e-001  2.9483e-002 
1.6000e-001  1.4009e-002 
1.6400e-001  -5.0302e-004
1.6800e-001  -1.2809e-002
1.7200e-001  -2.0588e-002
1.7600e-001  -2.4166e-002
1.8000e-001  -2.6104e-002
1.8400e-001  -2.2027e-002
1.8800e-001  -1.5722e-002
1.9200e-001  -7.5165e-003
1.9600e-001  1.2749e-003 
2.0000e-001  8.6142e-003 
2.0400e-001  1.7075e-002 
2.0800e-001  2.3924e-002 
2.1200e-001  2.6042e-002 
2.1600e-001  2.8003e-002 
2.2000e-001  2.5656e-002 
2.2400e-001  2.1128e-002 
2.2800e-001  1.2623e-002 
2.3200e-001  5.7206e-003 
2.3600e-001  -2.7801e-003
2.4000e-001  -9.3664e-003
2.4400e-001  -1.4065e-002
2.4800e-001  -1.6885e-002
2.5200e-001  -1.8309e-002
2.5600e-001  -1.6714e-002
2.6000e-001  -1.2737e-002
2.6400e-001  -6.5250e-003
2.6800e-001  -6.1789e-004
2.7200e-001  6.1191e-003 
2.7600e-001  1.1960e-002 
2.8000e-001  1.6029e-002 
2.8400e-001  1.8335e-002 
2.8800e-001  1.7161e-002 
2.9200e-001  1.5739e-002 
2.9600e-001  9.9866e-003 
3.0000e-001  3.8788e-003 
3.0400e-001  2.2694e-004 
3.0800e-001  -3.1874e-003
3.1200e-001  -8.7076e-003
3.1600e-001  -9.3311e-003
3.2000e-001  -9.8175e-003
3.2400e-001  -9.3629e-003
3.2800e-001  -7.7516e-003
3.3200e-001  -6.5612e-003
3.3600e-001  -2.1403e-003
3.4000e-001  2.2715e-003 
3.4400e-001  4.1376e-003 
3.4800e-001  7.3773e-003 
3.5200e-001  8.4443e-003 
3.5600e-001  1.1179e-002 
3.6000e-001  1.0906e-002 
3.6400e-001  9.5151e-003 
3.6800e-001  5.9500e-003 
3.7200e-001  3.6410e-003 
3.7600e-001  1.0316e-003 
3.8000e-001  -2.4475e-003
3.8400e-001  -4.3476e-003
3.8800e-001  -5.0267e-003
3.9200e-001  -5.4991e-003
3.9600e-001  -5.4529e-003
4.0000e-001  -5.2824e-003
4.0400e-001  -3.7540e-003
4.0800e-001  -1.1197e-003
4.1200e-001  -3.8851e-004
4.1600e-001  2.4959e-003 
4.2000e-001  4.8759e-003 
4.2400e-001  7.1051e-003 
4.2800e-001  7.5056e-003 
4.3200e-001  7.7123e-003 
4.3600e-001  6.5448e-003 
4.4000e-001  6.0070e-003 
4.4400e-001  2.6543e-003 
4.4800e-001  -1.5731e-003
4.5200e-001  -2.5968e-003
4.5600e-001  -5.0323e-003
4.6000e-001  -5.5651e-003
4.6400e-001  -7.4960e-003
4.6800e-001  -6.4927e-003
4.7200e-001  -4.6070e-003
4.7600e-001  -2.7489e-003
4.8000e-001  -1.1103e-003
4.8400e-001  -3.0318e-003
4.8800e-001  3.4303e-004 
4.9200e-001  2.9015e-003 
4.9600e-001  4.0150e-003 
5.0000e-001  4.2979e-003 
5.0400e-001  2.2832e-003 
5.0800e-001  5.5975e-003 
5.1200e-001  5.1017e-003 
5.1600e-001  2.7879e-003 
5.2000e-001  2.8159e-003 
5.2400e-001  -1.9519e-004
5.2800e-001  -6.1941e-003
5.3200e-001  -5.8279e-003
5.3600e-001  -6.5089e-003
5.4000e-001  -5.1849e-003
5.4400e-001  -2.0598e-003
5.4800e-001  -2.2141e-004
5.5200e-001  -2.6557e-003
5.5600e-001  -3.1254e-003
5.6000e-001  -1.7902e-003
5.6400e-001  3.6199e-004 
5.6800e-001  -1.6444e-004
5.7200e-001  1.5418e-003 
5.7600e-001  9.8332e-004 
5.8000e-001  2.0575e-003 
5.8400e-001  -7.6468e-004
5.8800e-001  -1.2722e-003
5.9200e-001  -5.0910e-003
5.9600e-001  -4.1922e-003
6.0000e-001  -5.0402e-003
